149.6332594,46.30644813,1
165.6842318,64.09519069,1
160.9572695,59.43933193,1
163.7791935,58.13757212,1
156.9544642,58.86780799,1
167.5587681,71.12417026,1
159.6399618,52.149036,1
166.7564773,74.88032869,1
157.2011937,50.65543055,1
161.7417851,47.24231424,1
172.9769775,75.55738712,1
156.9691515,48.18675055,1
160.9635058,58.11337657,1
149.5955513,46.12241996,1
148.4331527,44.53938731,1
154.4568886,57.56783882,1
178.1267782,68.607727,1
158.1338713,52.52477127,1
156.8071292,48.92755037,1
160.171274,66.03842714,1
158.2085695,63.28638402,1
157.041793,55.68575107,1
168.5227445,71.38674659,1
165.9144053,65.78779328,1
167.9038369,67.42426565,1
163.8990424,60.18298039,1
143.6318565,38.49731631,1
159.3577736,62.83629078,1
156.4264046,62.33501068,1
157.5420391,56.51935063,1
165.8907887,63.62385316,1
155.4605884,49.11952496,1
170.2437375,68.13821645,1
152.9363631,53.99447319,1
162.4075308,63.27425028,1
160.9288251,56.97715992,1
161.7600739,60.00250049,1
153.1337308,59.16690745,1
161.0545161,58.44459866,1
154.0042643,49.76797646,1
171.1289353,66.23499844,1
169.8567637,72.05544525,1
152.5197539,51.98324252,1
162.9523596,60.39049299,1
161.1926288,58.49112424,1
170.7994246,69.88109785,1
168.1825301,63.0498022,1
164.3197663,62.90450759,1
168.1461795,81.96331105,1
167.2675746,67.63897153,1
165.2257814,65.80419651,1
163.7731425,65.60675114,1
158.8517964,63.26639706,1
156.4544283,58.95659508,1
154.8138354,53.26194684,1
161.4251885,62.36530321,1
158.1107997,62.76915561,1
168.1241007,64.07982911,1
158.8720673,56.11516084,1
169.2397792,66.04059643,1
151.4057427,49.81036907,1
163.8132227,72.32799579,1
164.938852,69.13619871,1
155.9033166,64.15036016,1
167.8197995,67.01927492,1
162.3426564,59.65356431,1
176.8343073,71.22470948,1
170.6411011,71.19164862,1
161.0335891,65.24486818,1
155.4814556,44.77292898,1
151.556336,57.31373313,1
162.7870924,60.87704372,1
153.8682797,53.63399349,1
157.7717607,65.92386355,1
142.6450234,41.19307344,1
171.3211534,77.48728175,1
165.2654674,70.83434504,1
166.4432947,63.04454139,1
160.400118,56.33330128,1
149.5407237,46.68689895,1
167.6939291,64.25413955,1
156.2737315,60.56746287,1
161.5041487,60.41364805,1
151.8583778,53.02711446,1
170.5589841,63.30004036,1
158.3006412,57.6655651,1
165.4750553,61.08161709,1
179.396635,77.17798413,1
171.164126,74.79399071,1
173.0512384,80.3947056,1
161.2606875,56.26939021,1
155.3541858,48.64113922,1
179.6037544,73.19318557,1
165.6304912,62.46099803,1
155.8531029,55.98238569,1
157.6621566,64.71107643,1
166.1284,65.3290147,1
157.031355,50.80314847,1
159.885881,56.10218117,1
163.4821056,60.41116383,1
162.6578852,66.78714191,1
177.262365,75.94838256,1
159.568769,57.52274078,1
182.8577916,80.45179947,1
157.4649798,60.97060829,1
167.1436989,63.26846801,1
152.4777497,47.39915373,1
163.8271188,66.28129567,1
157.606097,54.36997625,1
164.0026677,62.38439666,1
153.6809624,52.78993246,1
155.4847028,58.18065777,1
167.0827451,66.61286746,1
154.1126671,52.52823751,1
164.5662256,56.32366502,1
160.0113115,59.42249542,1
162.0760859,64.60137844,1
158.1909463,60.44352037,1
156.746021,49.00100264,1
164.6495195,64.72623547,1
166.4591214,66.28591293,1
155.7951139,57.76123081,1
145.0438284,42.41371684,1
143.37204,43.83524186,1
154.471528,59.9534396,1
156.1205502,62.27780466,1
157.2871215,57.34840619,1
169.328059,69.82981409,1
165.3099711,64.01333024,1
161.2725832,72.8262839,1
164.0593255,63.58274924,1
155.0018292,60.86919447,1
158.1075851,53.17474313,1
165.2527192,63.94977961,1
160.5783537,64.85159337,1
160.6017096,59.52856414,1
160.7284782,61.15671783,1
167.7687033,63.00682214,1
160.1157705,57.63811413,1
159.0753307,55.21337415,1
156.6381577,50.62976322,1
161.147901,57.38284947,1
157.656339,55.32066314,1
172.7372821,73.10302277,1
168.9987956,74.19018825,1
158.8766083,53.93354209,1
165.5628867,60.56088667,1
165.6763279,55.87046071,1
162.4452692,55.28771069,1
162.1181376,67.75263741,1
162.7916791,59.40794656,1
151.4999487,52.86699446,1
163.3200123,63.55132655,1
168.0403756,65.18533616,1
150.0852844,58.63702059,1
162.4622993,63.84860254,1
158.5139429,54.56863704,1
166.2703938,64.35795973,1
165.0542248,71.59004062,1
157.0168444,55.16359115,1
162.118085,69.78336359,1
163.2477611,60.84429389,1
147.2233179,50.90526196,1
148.8369527,47.535291,1
158.5744017,57.95329504,1
155.4948754,54.10237937,1
156.7342402,50.31394158,1
171.2160057,72.45143986,1
160.1266726,55.37779786,1
162.3510073,61.55120255,1
168.2992774,62.97668604,1
154.8569863,51.61661502,1
158.4524329,56.8564427,1
167.0121362,72.70628366,1
168.2816143,68.08255113,1
167.5225408,74.20634571,1
157.5520676,46.84472711,1
156.2623457,57.78338466,1
165.4647844,64.21742362,1
165.796801,61.91916633,1
145.9041201,47.3943023,1
163.9979133,58.86510912,1
145.577313,43.15431052,1
157.0716438,50.08298016,1
161.5892505,55.60600473,1
163.7923184,68.22155162,1
167.9299553,72.10023261,1
156.6380481,51.22668039,1
160.8063711,65.32519462,1
154.5476005,61.66875802,1
153.5363875,53.36681566,1
149.5085277,41.15374939,1
169.071981,71.13782719,1
168.5180136,71.79686946,1
159.2489284,60.96094078,1
160.3092279,56.61668672,1
156.8273596,50.78601667,1
156.5401659,50.42694116,1
156.2760967,56.64567305,1
163.1555534,59.0665861,1
156.8692481,59.43063553,1
164.6686909,67.57809241,1
169.5680392,68.43856409,1
170.6645388,80.02855268,1
159.9063953,68.30302681,1
163.2616566,55.92734996,1
154.3790613,50.29430153,1
153.9963865,59.42047227,1
149.9313416,50.72680316,1
160.7972861,60.92818714,1
156.5146625,51.33307746,1
155.4409469,52.57421393,1
160.5756477,63.68788111,1
157.4290341,54.39060027,1
144.2350033,38.098588,1
159.5277464,52.94929786,1
149.2281842,44.32613996,1
155.5400686,50.57673604,1
160.8323369,54.12077775,1
169.9500088,68.77039432,1
173.4228826,80.32444906,1
148.9675956,45.46545423,1
162.7196961,64.8044484,1
163.8128201,64.29016866,1
163.3697261,61.73981889,1
169.0053216,73.49302056,1
159.1921998,66.91293872,1
163.363474,61.3048733,1
147.4763445,51.28343826,1
149.6733169,47.77680069,1
168.288458,67.50921229,1
166.7907499,59.57466262,1
155.8279369,54.65785279,1
164.0506136,66.75939137,1
166.2824894,68.25160755,1
160.0557432,58.59910141,1
164.7254769,63.60657237,1
160.4820273,65.62795547,1
157.549488,59.58323826,1
164.5180151,63.06497102,1
156.099521,54.22624207,1
165.7893131,65.88200764,1
163.5574865,60.47214016,1
159.0012399,54.04375118,1
162.1790208,67.93079321,1
165.854046,68.15385376,1
165.4278273,67.02841494,1
163.8056737,71.26700085,1
158.6410074,56.44341288,1
171.2040302,69.97067938,1
178.7975541,83.75966844,1
156.9513897,53.59933109,1
165.947439,67.91424095,1
173.164226,65.68824437,1
163.7463457,65.1645609,1
161.5452194,59.43909158,1
165.2524298,65.6615082,1
155.2568056,53.24668815,1
164.2792724,59.50317294,1
166.8033679,71.68764514,1
166.6999929,59.02790298,1
159.542246,58.88639451,1
156.8518477,51.21504905,1
161.2287154,57.67907843,1
154.6720795,58.10668605,1
159.8547126,60.15379498,1
164.9984384,70.18838662,1
174.0025224,70.63364226,1
173.9426763,82.06497779,1
167.9195907,79.99221238,1
155.204681,60.41124221,1
158.753465,58.32335468,1
162.5262396,66.34500345,1
166.3769197,68.17530859,1
156.1305066,58.39678255,1
160.797459,58.39075676,1
160.0514005,58.12727634,1
169.3374457,65.92782532,1
151.2031222,52.05063533,1
149.8273329,45.69622251,1
162.4734932,59.24449911,1
156.6162013,47.32890956,1
167.3225525,66.66111258,1
178.9060762,74.03440698,1
159.118406,53.27920498,1
159.9334414,58.9780876,1
162.3613116,61.53700791,1
171.2176607,71.60100515,1
162.7440819,69.61051417,1
154.5834349,50.84346899,1
158.794219,58.35962201,1
161.5424065,58.98899322,1
154.8635783,52.26657423,1
160.4946368,60.31733396,1
170.5640263,75.53219372,1
154.4515887,53.15351244,1
166.5343907,70.42289965,1
174.2038547,75.20912469,1
170.1469295,70.45655168,1
150.632177,56.54838022,1
145.7902605,48.34726574,1
160.7820143,55.31473563,1
162.3833049,60.96691947,1
168.6429841,73.61952325,1
166.0651345,64.80702117,1
156.1049583,49.53602544,1
157.6588069,54.11306601,1
154.7158981,59.74297101,1
170.2866082,63.49987449,1
148.450485,41.00774442,1
158.0502351,60.7247369,1
154.2231684,54.68939513,1
161.4646509,69.91912568,1
157.9669115,51.22662158,1
151.8321962,54.76834816,1
156.533462,56.08085632,1
158.5644815,57.88582617,1
153.0181313,59.72042628,1
155.1931987,53.15952357,1
162.0610383,66.25608777,1
152.708595,50.02094601,1
157.8649091,53.35268991,1
154.547591,48.73667072,1
154.4699137,49.9591738,1
169.2673576,60.33088551,1
162.4925577,67.77072379,1
157.7602923,62.08352501,1
164.1431618,61.05847967,1
165.6992186,58.26226625,1
159.9559542,62.35736509,1
164.3908161,65.24505421,1
157.4574024,56.36472669,1
160.1075963,56.91083479,1
156.7740799,48.63626933,1
168.2380996,67.77275358,1
164.9692813,70.36717229,1
172.7319563,64.54126766,1
161.4550859,60.83184647,1
167.3980509,57.27825508,1
156.4199823,57.91758183,1
154.5612398,49.41696016,1
156.1361819,52.01533573,1
160.6207546,59.95374708,1
172.5812941,73.5562816,1
163.4833418,70.56689473,1
140.5546907,40.08237492,1
156.4314789,53.28714876,1
170.4304015,72.88920888,1
168.8359488,73.19837859,1
165.2262897,58.07750513,1
155.3920774,55.03298491,1
167.4943515,71.22437066,1
157.9778918,56.31675306,1
170.015228,70.28285803,1
156.0382959,57.98925153,1
160.0100177,63.98916613,1
159.3395136,57.32213783,1
157.8988571,54.1154366,1
159.8307078,54.51832543,1
158.637527,62.7593362,1
141.3972334,31.28992379,1
154.8387729,56.64311551,1
166.2965713,65.48921463,1
154.6680309,61.10499091,1
151.9049357,46.33316628,1
163.6864787,68.73005029,1
175.2798913,72.16053189,1
169.3027764,71.1070287,1
163.3939257,61.11912023,1
162.013997,69.19963103,1
169.0524872,70.03161901,1
166.5413109,75.73164127,1
172.2216252,73.71300503,1
173.5254844,68.28065553,1
171.3499365,75.23591488,1
156.0964093,46.17616662,1
152.3332539,50.45044819,1
159.478301,48.84997757,1
157.6608534,55.62570783,1
147.0227638,50.22441516,1
150.4675648,50.43091924,1
154.5547918,52.14039918,1
151.7990371,51.13857987,1
161.7591317,60.9010224,1
159.0952541,54.33540471,1
165.4180602,64.2273654,1
146.9890492,42.42616203,1
177.5700334,73.69302041,1
159.6685349,61.4710308,1
151.4650511,49.56927708,1
163.3865307,71.12345402,1
159.4473121,65.72829643,1
161.6507952,53.60854973,1
177.3575983,77.78484334,1
152.8127763,42.74303129,1
158.2041896,59.91564728,1
163.3943676,61.60645439,1
158.7963136,58.64017773,1
159.7477903,59.47972153,1
158.4862302,57.62103829,1
152.7077654,51.44049286,1
157.7113719,56.10837935,1
163.2093618,64.63842727,1
168.5324694,59.54664616,1
164.4514247,57.05090225,1
163.5874091,64.48327204,1
176.0772333,71.28737557,1
157.1333949,57.6147869,1
163.9836405,60.87120876,1
169.7339955,75.28095484,1
164.5559472,66.76463064,1
161.8770266,61.50643663,1
168.462763,69.49938568,1
168.2934062,64.7345155,1
156.7321625,57.5097047,1
164.3064816,56.57584397,1
177.2792671,82.75839027,1
155.3512801,53.99566509,1
160.962373,63.18533593,1
168.7039182,60.89242855,1
164.1922364,58.33476802,1
160.7599066,57.33856075,1
157.0342481,60.64193193,1
170.2624649,81.52287682,1
150.711174,54.80292651,1
155.541949,51.78240128,1
147.1248248,45.60415911,1
161.0514557,58.68220059,1
163.6481816,64.50344075,1
165.7002575,65.28973654,1
168.9989219,66.90568808,1
166.9992379,66.03222165,1
161.878601,51.83184424,1
156.4126325,53.48014555,1
150.5019227,63.11315933,1
156.0989058,53.08328973,1
159.0341481,61.12873364,1
174.6494755,69.71243588,1
164.0774837,65.46707857,1
153.9316457,45.35992151,1
164.2311676,60.98307883,1
158.6326916,60.19044152,1
158.5095538,52.8898734,1
164.5553001,67.32719437,1
165.3228704,67.2515025,1
157.6769083,58.28340783,1
168.8215675,72.61276014,1
158.87161,56.97025995,1
167.5855863,64.00814997,1
154.659791,52.87407984,1
159.3875317,54.67831701,1
161.8883235,64.63287006,1
160.5259758,56.91094264,1
157.8576201,59.47231886,1
162.4875406,68.20998777,1
156.1391608,53.94030531,1
164.9693092,64.26933497,1
157.7649209,53.96807051,1
162.3327101,63.83443381,1
165.7123236,68.14308147,1
163.3673744,51.73897525,1
165.1955222,63.5891481,1
145.5750797,42.58160099,1
160.5679666,57.60852402,1
169.9075509,73.07320949,1
162.4937687,60.53616271,1
153.7761202,53.69457719,1
165.7683102,62.62967066,1
161.1834564,60.58866823,1
165.2355917,68.08710464,1
160.5836443,63.62663548,1
166.7584953,68.5749902,1
153.8023988,51.36128185,1
153.8879838,51.07422968,1
169.3528745,59.87608541,1
160.5446662,58.94615837,1
173.4991784,75.65061579,1
161.4939022,61.58881867,1
154.7317841,54.32790862,1
155.682602,53.67378946,1
164.6659123,70.24170088,1
160.6905019,63.08155847,1
163.3428572,63.90179738,1
158.9712739,69.66009586,1
170.9697351,72.75424714,1
162.7189501,62.25755147,1
163.1724169,64.67270031,1
153.6993342,56.10648105,1
163.9591355,60.46882902,1
167.7339562,68.48992559,1
156.7153104,53.07194564,1
161.7268088,67.65594435,1
159.9375,56.61313282,1
173.4039565,70.57308529,1
161.0151397,65.33964974,1
158.7196111,62.77433917,1
165.8967594,62.0881057,1
166.1440746,66.66762668,1
167.1828596,70.73403133,1
168.4841313,67.00719389,1
166.5781861,65.10915914,1
163.4259358,62.52360883,1
164.1443471,67.55025176,1
165.5476837,63.50122318,1
157.0604356,63.97453721,1
163.5764782,63.51807628,1
164.5976198,67.87185481,1
169.4196553,78.71296191,1
162.3604354,64.79248895,1
164.2210099,61.26843416,1
168.2223205,76.70317233,1
154.7785545,53.80442122,1
158.5397555,59.32788288,1
159.9825438,55.48428083,1
153.818221,55.09564537,1
159.4941083,65.71432138,1
170.9506498,74.85113031,1
150.8513107,56.16848475,1
161.7331854,61.08080402,1
167.1802769,77.39509628,1
159.0607363,48.35017916,1
162.9450035,59.16407213,1
178.1939997,74.3906167,1
173.3786503,77.95252285,1
152.3197832,52.37935849,1
148.3795952,43.73632539,1
155.7209121,62.17162602,1
161.4197171,60.49951087,1
166.1884166,58.07778163,1
156.1959228,58.70429584,1
157.8146448,60.24080627,1
161.1264084,54.5148106,1
170.106376,75.47697722,1
163.7865529,65.0178181,1
163.0074549,58.78652236,1
170.2140679,75.49432641,1
159.2106354,65.40772859,1
165.8164183,72.79504447,1
167.9932133,68.71953032,1
163.3169407,55.03859799,1
159.0884794,62.58521614,1
160.2337945,67.56488245,1
160.6103452,59.83153853,1
164.6379176,68.71627911,1
154.9617022,53.54111666,1
164.4478957,64.15378337,1
160.3861896,54.68279135,1
160.3786705,62.89120109,1
163.4901328,67.88466328,1
160.5724193,61.5075314,1
154.4517419,51.00022507,1
153.507349,53.56870108,1
168.5976879,68.63263361,1
171.7779982,73.9864219,1
160.252926,54.88865668,1
171.5399535,79.38747403,1
166.118638,71.76951548,1
149.8522377,51.5890126,1
169.0851082,67.62262041,1
170.5098958,66.49853035,1
157.4585651,58.65921164,1
165.3821017,58.5452823,1
165.6608268,68.75084133,1
156.4655166,61.96490629,1
168.3903273,70.1691999,1
159.0458101,52.15781466,1
176.0980011,76.0142412,1
160.6246879,52.61003185,1
165.1341249,63.7754122,1
154.1141346,58.3391018,1
166.0821947,69.96174129,1
160.2812383,69.63560595,1
160.0815276,59.71051237,1
163.8185438,64.6349767,1
161.7195469,64.37147727,1
157.7587829,56.46492257,1
170.3547867,69.15321702,1
163.973252,66.41110402,1
167.6526964,66.52779796,1
162.1181787,56.95120313,1
171.7463492,77.61512629,1
169.0077744,74.46250505,1
158.8456534,56.6628412,1
175.4081562,79.25506628,1
163.0633145,59.10130359,1
165.2674224,70.07684934,1
160.4689227,60.46651835,1
159.7469011,64.81631275,1
156.2112358,57.1926615,1
158.7734022,59.92951216,1
167.1766951,62.91797932,1
159.2561653,57.44283247,1
157.4914472,62.13094475,1
162.9590352,59.250092,1
155.0040714,54.90970625,1
159.3673588,61.39499922,1
159.4198588,61.06213685,1
166.4939833,68.07041171,1
160.3127794,57.83667042,1
161.896513,61.78105569,1
171.4035106,77.39054346,1
151.7958775,43.31818607,1
162.6284778,62.99322693,1
162.3882654,59.39191108,1
173.385113,78.65089891,1
153.1017059,41.74767466,1
160.6258528,49.53127107,1
165.9629014,73.22410839,1
157.6561075,60.1711112,1
167.6085301,75.6791555,1
161.5443853,64.719788,1
148.8978589,47.93676192,1
158.3731099,67.03029854,1
157.6437405,61.48615861,1
165.437816,74.11274621,1
162.0023444,57.13670134,1
156.4530792,57.01218058,1
160.3774286,61.12136815,1
155.9247327,63.19684289,1
158.5063155,60.26408344,1
160.273102,58.0130912,1
165.8292326,65.98368198,1
172.2969623,81.77802519,1
154.6888015,53.10165837,1
157.5101253,55.65999507,1
172.735466,72.80100404,1
163.623407,72.55254371,1
164.4446911,66.2457492,1
155.3906398,53.98933202,1
175.5871893,78.80863152,1
151.7947082,48.16309982,1
162.2625961,60.4521424,1
161.5411872,56.62168531,1
168.9107218,74.48542099,1
163.568991,67.29901616,1
171.5919822,70.05137736,1
161.2585982,69.37203535,1
157.9852758,60.97037113,1
165.9330413,63.06989725,1
169.5860378,69.37435857,1
162.8727965,65.52488384,1
169.0332905,70.7332751,1
162.0306184,62.32951822,1
168.1067456,66.25961243,1
165.1877236,66.09110415,1
148.3341541,52.12430867,1
159.3983682,65.17167796,1
154.9829607,55.58821277,1
153.4429518,48.37209142,1
165.7048716,61.52894393,1
168.1827488,64.82579638,1
160.971535,59.14991063,1
167.3569566,62.05254686,1
157.7051242,51.1416406,1
162.3711838,66.58959975,1
149.3056644,41.17468189,1
166.6320473,69.30597437,1
168.3779216,63.47538947,1
166.1674193,64.73972829,1
173.0426215,70.50226112,1
171.1935844,73.20401353,1
173.4861201,76.56040508,1
174.8064367,85.58911912,1
162.977415,63.34171887,1
169.1303092,65.31652925,1
173.2224007,78.19076725,1
172.4928899,74.56837556,1
176.2245266,80.60331824,1
163.9727783,66.37679212,1
165.0939289,56.18572852,1
154.2607004,58.93595675,1
169.3344302,73.04397428,1
166.181866,64.61468935,1
165.2430658,67.49709306,1
168.2627213,75.12234489,1
165.934841,60.64238137,1
161.9540066,53.32064102,1
169.2039074,67.45273747,1
164.3518097,66.60940105,1
154.1293479,51.54712948,1
162.0136701,63.6891889,1
154.580217,53.38618715,1
164.744332,63.85887625,1
167.1320712,68.74501844,1
159.0878335,57.84961083,1
161.0021172,51.93835273,1
158.9366692,54.69568591,1
179.4873229,73.60961518,1
159.3122279,54.19812832,1
171.1754919,75.97131963,1
151.2815052,50.3116198,1
161.7676213,59.11961599,1
161.9032354,63.70883276,1
168.1919798,64.88296396,1
156.2389134,61.25831648,1
159.4638621,61.52013439,1
157.3416292,50.19319439,1
168.1602679,62.21689198,1
162.0135713,60.88491538,1
160.3452292,61.95740156,1
162.2791868,65.48778401,1
169.7665651,69.36320735,1
167.7809005,68.4904291,1
163.2322313,73.84664743,1
156.1836695,54.12728814,1
169.7488175,75.00267687,1
152.6739682,55.50323596,1
165.5498346,61.08580123,1
158.6453307,61.73337919,1
155.8646931,52.2428001,1
161.6038785,62.55243843,1
154.3610181,46.84450677,1
163.9373147,73.66944764,1
166.6193785,65.80731076,1
171.4932767,76.79715958,1
157.0518572,65.73126831,1
146.443408,44.84969033,1
168.0538444,71.74571495,1
166.8585014,79.28537278,1
148.9529376,41.33869825,1
168.1862861,79.41533809,1
149.8644246,46.48350247,1
172.6317757,66.81593605,1
173.3759216,75.22631879,1
162.8967926,68.27389463,1
165.2429214,64.02909231,1
152.9420242,49.74217476,1
155.2450957,56.05542767,1
175.5630012,76.59554219,1
169.5193018,69.37082887,1
156.7491576,58.86586817,1
168.0680365,78.02099822,1
142.4398973,42.85917056,1
172.6179264,79.53892225,1
160.9089694,63.15050752,1
156.0837167,45.73023652,1
174.0038235,80.24265703,1
156.1289731,55.73216801,1
173.9130771,78.279709,1
166.1236853,66.65552072,1
142.5166113,36.52833501,1
171.3594982,79.7583742,1
162.3481569,66.05401322,1
164.608982,62.81578687,1
155.5101233,59.21146915,1
161.4730676,63.13535918,1
148.599705,46.32283839,1
173.1268041,71.71116402,1
161.9403003,67.53001623,1
168.6552049,67.41880941,1
151.3017544,59.02104885,1
162.7142309,62.50438404,1
157.030309,68.77441193,1
172.119301,69.87210941,1
151.2589465,60.32246922,1
159.1756535,56.26082007,1
167.492142,64.79092066,1
154.3986841,60.43457435,1
171.1514862,72.03834855,1
159.5476958,51.86094941,1
160.9510504,58.07666564,1
171.0872021,74.23812497,1
158.9169552,58.45494365,1
160.2007742,64.0539842,1
158.0759678,53.91063633,1
154.1258205,54.86301519,1
157.8373506,53.20055111,1
153.6784494,53.37561262,1
157.9473152,59.71952319,1
163.8030141,64.37655356,1
165.7817664,67.22282449,1
169.6436078,69.13227375,1
152.1241474,49.27169364,1
168.1647582,76.69776223,1
172.4717207,68.36740417,1
150.080138,45.82964458,1
175.5880553,74.76061743,1
169.7022016,63.40602703,1
162.942023,65.76410233,1
160.6887175,62.30762087,1
159.0489326,62.6331093,1
164.4030287,71.65478108,1
161.1389101,63.56793744,1
161.0434079,53.64709136,1
163.3114895,54.48357537,1
153.0760331,48.14346829,1
164.9060064,55.55857686,1
168.9540557,64.89731163,1
163.3954638,63.58510159,1
165.9662437,67.45883713,1
158.0952094,60.4749634,1
153.9910416,58.33981495,1
163.752334,61.32290409,1
168.6930433,68.47320487,1
175.1964769,75.84962723,1
157.4399439,53.36076887,1
157.8885572,53.7562361,1
155.9828979,63.45743839,1
164.4577559,56.49338023,1
162.163912,63.50661671,1
168.2959754,72.81514758,1
164.0956362,68.50644081,1
163.6008781,61.79966857,1
172.2747761,69.52185153,1
161.8814316,65.66998722,1
175.9508247,76.28589248,1
171.8145882,66.18268701,1
153.8439486,50.11770595,1
152.4947107,53.34508351,1
151.4515756,48.74831806,1
173.5669567,79.43962406,1
166.8472871,72.04887998,1
173.1466837,74.82514956,1
171.4967335,68.83907853,1
161.1950544,57.46550037,1
161.9073212,57.28593096,1
170.3670983,72.78326299,1
159.2444924,57.46680165,1
170.776021,69.59303573,1
159.5202129,57.1573845,1
157.778481,62.27009773,1
146.8306,48.85413811,1
161.0711893,54.9757356,1
158.4592567,62.38417267,1
157.6073663,57.62933146,1
161.9963216,67.99115081,1
174.5422459,75.65913462,1
165.2980394,67.46416864,1
156.3639472,52.90098269,1
156.7660667,55.15973945,1
163.884889,66.68936859,1
154.3584886,49.82135944,1
165.7470138,63.73211933,1
160.6668524,61.6275781,1
165.2072419,64.82022641,1
162.0110308,63.203753,1
159.8169257,59.68076645,1
160.7101651,67.64087577,1
163.6378192,62.13164953,1
165.4939029,62.50777432,1
163.1767513,62.78007951,1
157.2098876,53.36333112,1
159.4001352,55.57196884,1
171.9865281,65.95610797,1
168.3865562,76.26855097,1
148.7870426,49.46494663,1
156.5955006,58.52617805,1
148.5162985,46.74081984,1
164.9891157,65.6615649,1
147.1856114,41.48960557,1
173.0030034,70.20963817,1
152.7654268,48.60966322,1
166.7322593,70.71999289,1
162.1097212,63.00198399,1
171.5685248,68.44153048,1
171.3237198,76.43799352,1
165.0089324,57.07097789,1
157.8592112,59.47270268,1
164.0874507,76.61526931,1
165.390107,64.8509166,1
163.3486933,72.00552069,1
159.1547337,56.36207696,1
162.4665962,50.15865779,1
164.9339931,58.61286545,1
169.3934963,71.57401677,1
172.7765972,73.77788559,1
159.7729312,62.16106177,1
161.7111264,55.40547024,1
148.277103,43.80755794,1
158.0993772,51.38772682,1
170.8842139,70.59823967,1
157.2861921,61.09073517,1
156.5824686,60.99713485,1
160.356142,59.20044035,1
166.8228973,66.45729555,1
157.0412865,58.82421918,1
156.6327451,54.705989,1
166.8732448,66.05441855,1
150.5316057,53.31304095,1
163.8823927,60.46120012,1
162.3203433,76.69294045,1
153.9605403,59.13479426,1
167.4861412,71.28668362,1
150.5703211,39.41293177,1
169.678328,68.97672241,1
162.0279427,55.39319834,1
166.8323644,62.17259855,1
171.2291815,66.26527368,1
164.5042425,68.29311783,1
168.4628725,67.55729575,1
161.7860809,54.86901769,1
156.8457886,64.08597231,1
158.3553036,58.39198234,1
168.6240856,56.37130335,1
156.4525048,63.67379401,1
172.5720118,64.8464095,1
164.3772803,66.31038462,1
163.8443609,64.88336813,1
159.4837242,58.99958468,1
175.8867798,76.30234788,1
154.8118867,52.06846117,1
167.0747062,76.06113323,1
178.0131597,75.19254573,1
163.5736915,64.28782665,1
158.1586324,58.67287357,1
165.9674883,74.4028847,1
167.3352356,59.76593637,1
154.1281848,54.06621502,1
163.5431361,60.37999563,1
172.8706438,68.48317401,1
162.5338178,64.17771264,1
162.8191131,64.29442074,1
164.4624789,67.73556801,1
160.4051386,54.06417229,1
154.7842942,61.50778659,1
156.7036163,55.67682798,1
166.9991857,63.4295627,1
174.4184274,76.44873928,1
156.6812794,57.1559198,1
163.5115282,61.5179379,1
153.5272244,49.75374706,1
166.64013,70.77989605,1
159.4720619,49.45499523,1
155.1953108,52.14303768,1
165.1515976,71.09405638,1
146.0027359,39.68774468,1
151.1990803,55.81207697,1
157.9785372,54.43475887,1
152.3950875,51.68453514,1
157.5181345,54.99323835,1
158.9799582,54.22311082,1
174.2982099,73.1872309,1
154.5699504,63.87097625,1
157.8504862,58.49885162,1
150.3215973,48.43114661,1
155.8318292,55.32295772,1
174.2537425,81.2754873,1
164.6718814,58.21608018,1
160.0536725,55.2418659,1
151.9877885,58.036075,1
157.3855006,60.4977248,1
155.564403,46.68279666,1
156.817155,57.67902363,1
159.0519124,53.84870413,1
166.3212841,65.60892203,1
158.0180798,52.09538697,1
152.3962639,43.93332815,1
166.4501467,71.93915944,1
163.1865468,65.78354748,1
162.7903452,63.74335959,1
158.7614221,64.70020046,1
159.1145334,64.81257217,1
169.2773722,66.01586574,1
173.0321681,74.09181819,1
157.500516,62.14084321,1
166.60765,68.46293315,1
161.4879355,63.84803579,1
166.5309319,64.08882301,1
144.1643132,40.31745832,1
147.4429054,41.87825784,1
174.2202936,77.64376575,1
161.8008949,69.35646788,1
160.4742708,63.07292121,1
171.7856045,74.78262678,1
169.0116394,72.57110712,1
158.0675184,61.99751624,1
153.8697219,44.44183468,1
160.9098684,61.77102792,1
170.3050806,72.90951462,1
171.4974794,77.2607287,1
166.7553367,72.34346261,1
159.0645853,64.83953732,1
161.291152,62.23223287,1
167.3124366,70.95647541,1
164.7119737,65.72860409,1
153.054033,49.94099622,1
180.1677733,79.81150848,1
151.5474252,48.68051217,1
157.9776068,62.27093636,1
168.4251164,66.94405572,1
166.8246879,67.26413418,1
149.5003302,44.70120319,1
161.773361,60.3146319,1
160.4435158,59.30304132,1
153.9182268,48.52059653,1
159.5757046,50.62771186,1
159.292677,54.3356871,1
158.0007956,55.75456787,1
162.197029,56.8812168,1
154.884143,56.74632587,1
169.4181899,61.6231983,1
153.1707454,61.09651218,1
158.9011166,58.71259972,1
160.0404905,63.22771883,1
155.9539841,53.63417632,1
162.5946802,55.25327631,1
157.7342441,49.59984597,1
165.7443689,67.82611904,1
172.821964,73.42830794,1
166.6381614,61.75371537,1
165.5440704,63.49831417,1
161.8385637,65.43372614,1
165.0164201,61.11016684,1
158.969618,60.20628886,1
167.82763,73.91279134,1
154.0937291,55.15595642,1
164.7104762,67.88837461,1
158.2958401,59.92793551,1
161.3534396,66.69020317,1
155.1593993,57.68174174,1
162.9945331,57.70248767,1
168.3042787,69.74476952,1
145.308184,45.1300561,1
160.8400425,59.36390555,1
149.8106586,48.06794252,1
163.5599814,69.04731732,1
168.555387,69.28939156,1
163.924102,59.27098454,1
169.1516475,69.99740924,1
164.4935134,68.91979573,1
151.804122,60.54522627,1
160.9075175,70.76280502,1
162.3560953,66.60211091,1
165.7821355,73.245013,1
168.6346531,67.15685392,1
164.7271236,61.24120408,1
169.9148994,68.73337789,1
167.379065,68.25600317,1
161.9231034,60.55976684,1
158.7390294,62.3855989,1
167.7913083,64.09305229,1
158.4263709,61.56255202,1
161.1432179,61.14509682,1
163.9036548,59.47534171,1
163.1907912,63.16374678,1
161.1785417,56.25978147,1
164.4543091,66.82265905,1
162.3114902,68.12389316,1
155.1240065,50.69611675,1
160.4793942,53.07491644,1
163.1143506,62.41713708,1
156.2071719,46.58252607,1
162.5011567,64.57919936,1
155.5942345,59.63341437,1
166.7665602,62.08857087,1
162.8753801,61.23643841,1
172.0318681,66.90748316,1
143.8412464,40.58763001,1
147.8625798,44.84630217,1
152.5035795,57.00818828,1
151.1234113,56.97173082,1
166.5128933,60.48747494,1
160.1937826,59.4917963,1
159.6761685,54.54314419,1
166.3113326,62.65210887,1
170.9938329,67.62096339,1
153.4335084,55.43952864,1
159.4878583,66.22082387,1
163.7855365,63.50779024,1
162.038894,56.54280056,1
160.9703222,62.60694676,1
159.4987448,56.02668883,1
159.7528928,58.94120143,1
160.3378465,54.55540977,1
155.9265878,59.29997832,1
165.2476923,64.55000486,1
154.0436475,55.28390945,1
162.2675838,57.57845656,1
165.626693,68.26495141,1
172.6260611,73.6678715,1
158.2483413,58.23536567,1
169.6001586,57.31599129,1
165.666766,58.57508802,1
164.6283017,66.18178667,1
155.7150722,55.58077945,1
163.9134715,67.22539309,1
157.542542,53.05731737,1
156.9248888,54.41117201,1
163.1583265,64.13851896,1
158.3481623,62.36533615,1
149.9369678,48.85242383,1
165.7589826,67.85717997,1
161.7552797,57.87721214,1
169.9110425,63.65985034,1
150.2907941,50.82223687,1
150.2132818,51.46850837,1
154.8543108,49.87077781,1
167.1256898,60.93679417,1
168.7121766,71.10173956,1
146.1522823,43.63124637,1
157.241033,51.96729911,1
165.6193818,65.11918221,1
175.7432702,74.40931141,1
162.5825462,69.87649614,1
162.4515648,57.80801884,1
168.3240197,64.36562287,1
165.5385992,65.2619231,1
157.3081739,56.59928443,1
169.7067486,76.47467203,1
159.7680949,62.3328194,1
158.433563,61.17636403,1
169.7809611,68.70315294,1
162.2742885,56.58713406,1
169.7928654,74.96628895,1
168.9218192,65.41287901,1
149.1140412,46.26206142,1
160.470593,62.60594377,1
165.4847476,55.6791683,1
160.23596,56.45389043,1
157.7336298,60.65170254,1
164.0537192,58.69170954,1
160.7663255,72.49366503,1
162.7913779,64.48379664,1
158.0031489,59.20595006,1
155.4276376,46.98595576,1
170.8297426,64.80298587,1
181.4549248,79.39469868,1
153.7985364,49.08585873,1
159.0336166,56.7416476,1
157.1738369,49.04991454,1
158.2820102,56.14723428,1
162.7208257,52.83051464,1
152.8950382,57.99627317,1
173.3056081,73.17991699,1
166.1672653,61.059251,1
166.7268279,67.35792192,1
151.1629735,48.36943134,1
165.0522378,58.89419883,1
167.3298024,72.49101812,1
150.6417794,49.18116146,1
167.8233697,64.68007598,1
165.5847834,69.17267144,1
166.8617157,63.77885098,1
158.9695319,60.74875092,1
168.6837058,73.47799659,1
165.4290017,59.90307247,1
166.0736113,58.6836927,1
170.6365926,72.2656621,1
163.2254789,67.30873449,1
162.9982146,64.60666151,1
155.2021694,54.61671832,1
173.3415631,71.78171367,1
161.0866848,57.13540814,1
167.3371356,72.51720517,1
165.1063805,70.78628655,1
156.7423104,54.70516348,1
176.3696998,77.17362428,1
166.1965138,69.77095142,1
164.700191,64.80885322,1
164.8198055,69.66549303,1
157.0359307,65.56921132,1
162.4142641,56.78705057,1
162.359787,63.90378032,1
154.2242033,52.92974804,1
162.5087505,71.04364275,1
174.3356343,70.94772829,1
155.6981509,62.59319164,1
154.6593321,51.28422629,1
162.8715594,63.98003076,1
173.2561085,65.99169556,1
170.2368216,73.49394795,1
178.4763357,71.77394686,1
154.5405605,59.55909449,1
159.5560791,64.97649621,1
171.9340277,80.51286527,1
155.5811855,55.71203145,1
167.834772,70.85139068,1
176.1153086,76.03825171,1
153.8711885,57.76698238,1
156.6016036,64.18160087,1
161.8937128,63.35545309,1
158.0660126,49.07502692,1
165.5645488,65.21025915,1
166.3638809,68.73829247,1
165.7158054,65.66070909,1
167.434354,74.87214993,1
141.8620831,47.06794334,1
149.3765202,42.20859142,1
161.7981702,64.55613864,1
159.6449227,65.91394696,1
164.8380286,65.0200057,1
161.0122096,50.12789474,1
163.1574488,65.005897,1
161.3800922,62.42467299,1
168.1582596,69.58723095,1
153.4023745,59.32322573,1
176.850706,72.51478725,1
170.9350248,73.32077092,1
158.9786446,60.02005821,1
164.6751906,61.88388685,1
157.2882312,51.5557702,1
162.8406672,66.5674668,1
155.3076572,53.88592656,1
164.0529995,63.85426455,1
163.4775727,64.0476645,1
167.8088826,71.8961388,1
151.9688695,45.23434516,1
162.5799088,61.53765472,1
162.841725,60.85609783,1
156.9068897,55.52209407,1
162.7047179,63.24714336,1
167.47631,69.00067221,1
160.3212142,55.39043522,1
174.7638488,76.17903985,1
178.4960191,84.82251483,1
158.3069098,65.74468353,1
151.9302232,50.8464916,1
160.0110683,55.59436746,1
157.4379496,50.1284645,1
162.9648525,62.0729757,1
153.7281967,56.58210523,1
162.9050749,60.32401435,1
161.8677719,63.51434911,1
168.0655431,69.73997135,1
172.0511776,69.26630742,1
172.2951527,72.73564031,1
147.5985445,43.66560094,1
156.2938179,52.25484748,1
159.7520056,68.64999939,1
160.2853003,62.74797261,1
162.7452176,57.70742035,1
158.5230111,65.02126113,1
163.3648405,65.25354973,1
167.3379099,75.45448192,1
169.2272049,64.04141235,1
157.5472584,55.87014407,1
156.127025,62.20721143,1
154.4974463,51.53684997,1
153.8955499,49.58038657,1
152.7153842,54.00349573,1
144.4144486,44.16397525,1
155.7119673,58.18191233,1
151.657011,49.86047612,1
176.7791913,78.71179469,1
170.0342618,61.74848734,1
148.9616778,43.78289968,1
154.2028752,53.22138898,1
157.0728704,57.75479355,1
169.8938016,73.8776419,1
155.0464389,59.73911583,1
159.8988967,61.11414914,1
168.574408,71.49335903,1
166.812413,72.52501257,1
154.1037926,45.61313907,1
160.4441189,54.85949267,1
166.742654,74.64197503,1
149.7687352,41.63319112,1
161.4223846,59.5560148,1
169.2826713,68.69448471,1
165.2915641,63.52691081,1
152.1466973,53.73656663,1
157.5594123,58.39937505,1
174.4655698,78.52394766,1
170.810488,78.34151848,1
158.8099742,57.67410244,1
154.4264634,57.12284715,1
149.0685147,54.2491498,1
164.7477481,62.51836236,1
179.1825372,88.95261896,1
168.2769071,63.74529203,1
159.4083091,61.11914394,1
153.5024987,53.74231684,1
164.6716531,64.90278103,1
156.541815,64.40119501,1
164.838071,67.83250635,1
160.6945727,67.57804841,1
163.6654922,55.5938927,1
156.8820053,67.11243669,1
152.7298633,48.95133801,1
150.6538365,41.75000818,1
170.0302787,61.23947467,1
160.1182837,64.03391266,1
166.4651563,67.71864689,1
160.1070208,65.01104892,1
160.9459225,61.64331242,1
165.6648694,69.60389219,1
153.3148441,57.98802342,1
173.1499404,72.73221869,1
164.4488536,64.40128551,1
166.1087165,64.18599854,1
159.8848921,59.54184216,1
170.4589948,73.27699484,1
155.6169046,45.92388536,1
165.3273101,60.46993502,1
165.8237629,58.64654371,1
165.0789525,62.50587133,1
164.6966871,70.04608269,1
152.88478,53.50367941,1
176.8865692,71.22042486,1
146.49496,57.12622263,1
156.3864647,58.30440329,1
146.1991242,47.70605026,1
167.1283024,65.22208589,1
159.8994541,54.73651789,1
175.3899987,75.50126715,1
162.6296628,66.58276317,1
151.1276566,58.47511141,1
163.1542216,68.73768951,1
167.0982765,72.29073592,1
157.9847166,55.58721215,1
159.5837499,55.82410081,1
154.1105143,51.12681858,1
154.3934327,52.11424012,1
152.8051529,52.66492335,1
148.957314,43.44865637,1
163.3085341,67.16159722,1
154.3073247,51.44567957,1
168.1238631,68.63832993,1
166.8346802,65.42438413,1
156.3372859,58.85554308,1
161.0271223,68.28466674,1
157.341511,56.80092521,1
162.6901405,61.59510186,1
164.0161003,67.34732374,1
161.2825472,61.19656362,1
159.1821983,50.38529795,1
159.5383844,56.36678383,1
159.1478116,56.18666498,1
150.9678243,50.74067887,1
163.8146146,57.92581259,1
154.1612636,58.97505568,1
161.8232971,61.62043907,1
151.8884117,46.62373575,1
161.3514423,58.92647506,1
173.8898792,77.15904362,1
169.2868238,72.39035495,1
169.4672175,66.62884411,1
165.4999321,62.03067832,1
176.5310172,80.74875377,1
160.115122,59.44270783,1
154.1264975,52.08643657,1
150.1246569,46.90999324,1
152.4062572,51.91166339,1
159.4931171,54.0560995,1
156.3391864,55.73894416,1
171.4010713,74.59562828,1
164.5691863,63.68473102,1
158.5999632,55.07864608,1
169.046901,68.04645485,1
157.9504621,50.39376344,1
165.8885078,61.88554924,1
172.3044486,70.8847708,1
162.0042864,75.34426224,1
155.7884426,48.73649183,1
168.4483315,62.83927946,1
162.8546982,60.91805195,1
160.2850426,53.02616152,1
147.8588986,46.15617244,1
160.0236365,54.51535771,1
150.7236184,49.97822809,1
160.097813,57.48531748,1
161.3422594,59.16160251,1
157.7308432,61.86193556,1
160.4838491,59.98577047,1
165.2675533,69.65835855,1
174.4615839,75.26194358,1
160.1121872,59.02026649,1
160.6762115,56.34391345,1
162.339681,59.43378716,1
147.8028258,48.56026262,1
146.8139526,39.09553001,1
166.0333691,63.13805232,1
157.631586,55.42759845,1
159.0005664,52.05733937,1
161.8263276,63.78385805,1
152.6893561,57.92934689,1
171.7357855,71.55904189,1
148.3036716,38.91505712,1
154.7114616,54.55440106,1
170.1442454,64.82754521,1
153.8440649,48.43965721,1
156.51986,55.89785049,1
158.650464,57.46084654,1
157.0525638,52.97728447,1
154.6112877,52.22306142,1
168.0392368,73.635746,1
154.7946987,50.31302836,1
153.6603308,50.72595651,1
168.0660424,69.70703715,1
163.8737266,63.0550413,1
161.1295517,64.219198,1
158.2690975,59.58533056,1
159.7619717,56.71754821,1
163.8606428,60.1587121,1
164.4616077,60.5733188,1
160.8789894,65.63673076,1
159.5418041,55.83322308,1
161.2831514,66.32850228,1
162.699219,67.92697774,1
163.4429843,62.96549195,1
160.2295139,61.66445213,1
163.5809138,63.10589603,1
164.2934969,62.98309652,1
170.6678659,71.82276445,1
162.2248723,57.53119245,1
160.8160809,62.26773072,1
150.7002804,46.50042515,1
159.0950438,60.97132055,1
153.4703177,52.66260109,1
156.6124533,51.96801035,1
154.5189655,48.6618197,1
164.1324901,55.14556649,1
153.9844041,54.60457213,1
163.0104501,66.51329486,1
164.3550598,73.33580357,1
152.3192394,46.99975991,1
165.8471791,62.96206231,1
162.1594529,58.76555374,1
160.4483669,64.41477186,1
167.5376156,67.99137319,1
168.0170855,73.59278795,1
159.4901796,54.62159551,1
167.001447,64.4406533,1
154.8689333,62.79006502,1
162.8026167,67.70953736,1
169.7086302,71.14072531,1
168.7168169,60.15368358,1
167.295879,71.74336216,1
151.7938789,47.14817534,1
162.8296995,65.66467353,1
151.6202615,50.06310683,1
159.4853912,64.28224497,1
167.4593266,56.93298764,1
160.5136304,63.2902609,1
169.2329465,72.63601925,1
163.9099542,65.35740091,1
156.868727,49.90681961,1
171.1580647,73.7316574,1
160.7234774,52.96223669,1
155.2499955,56.06304105,1
163.2299394,60.0025789,1
177.7878132,80.08206414,1
173.6482137,69.73642935,1
171.4699238,77.83261526,1
162.6707123,74.99074344,1
158.7686317,55.13247488,1
161.390543,65.02859626,1
160.1223099,58.76066733,1
166.9695853,63.3397478,1
167.9641977,68.23551779,1
168.1336489,76.08311965,1
166.707308,62.74692255,1
159.2146775,61.1894993,1
161.8936868,62.5686118,1
154.4276079,49.4855066,1
161.3157836,51.74922084,1
161.1213631,66.21259228,1
157.6329061,52.33614267,1
163.5591506,57.94334215,1
162.1080505,69.69268768,1
158.1130047,52.89145835,1
161.1640205,60.56155905,1
162.7704779,60.53246595,1
162.2964095,50.99514306,1
159.1180774,60.37766735,1
168.7471917,66.12689369,1
162.2125852,62.21170589,1
161.7462298,70.26693975,1
164.4699169,62.7740381,1
168.2828385,69.78652964,1
158.730859,53.20954721,1
166.3230638,67.01366069,1
155.365136,50.60851393,1
163.546526,59.38739527,1
159.3068009,62.70012831,1
154.8582303,52.39099569,1
159.4183627,53.366948,1
158.0169532,57.15326953,1
168.1367496,76.10873201,1
161.9824136,61.82379324,1
167.1443121,70.92478412,1
161.5231485,58.33859212,1
151.082807,49.39426954,1
161.823366,58.6370478,1
153.7508649,50.06013562,1
172.3357973,74.1987535,1
152.4395283,53.3727888,1
163.4602144,63.19224477,1
163.3100217,59.52880225,1
154.0755247,53.49261092,1
157.968128,54.35133837,1
152.8484059,49.558745,1
151.4869503,45.59858197,1
162.2601427,64.86008864,1
163.7013284,63.6557928,1
162.7855081,61.60776973,1
158.7000691,69.52940337,1
158.1571432,62.76882264,1
151.6601756,52.13433548,1
166.4755086,61.09841767,1
168.5212151,71.11841842,1
160.6417279,57.01366996,1
159.5626048,46.44799028,1
173.7616977,69.61064801,1
159.3007531,49.25677414,1
163.2724807,73.61752624,1
157.2874599,57.0717128,1
159.3524601,64.11209727,1
160.2564588,62.19302761,1
148.4154232,51.93829694,1
176.1705554,82.38179945,1
171.3504116,71.33127379,1
159.6026289,58.44563388,1
153.1127178,52.82902301,1
170.8946499,68.49548895,1
176.2309032,82.69369057,1
153.4129387,56.168939,1
158.5783627,52.68992327,1
158.0677495,64.48067072,1
152.5936515,63.08766356,1
166.3674876,66.58025048,1
155.5454885,59.20629653,1
152.8596808,57.30940174,1
156.1544649,52.74238412,1
174.1286031,68.84893312,1
172.6641704,71.59207345,1
153.6719446,54.88326393,1
157.6027292,64.05832474,1
152.8659337,45.06665124,1
168.267293,70.03749567,1
167.4471333,62.23243833,1
161.649588,55.1090185,1
157.8806882,60.75950532,1
170.2592914,66.00906215,1
159.3036676,51.53806005,1
148.8352485,48.55630014,1
169.8624261,66.2507278,1
165.5553274,68.01478063,1
161.7372866,55.49455656,1
160.5703831,61.18779957,1
161.2039349,60.03827362,1
167.8458495,68.35899185,1
163.9866641,64.79188465,1
170.4331398,67.38685498,1
165.1984,58.74506829,1
158.2960307,63.19486001,1
173.6736499,74.3027902,1
156.2404468,61.8810623,1
160.4226472,59.98047083,1
158.0282389,60.60676509,1
166.5333615,61.06297243,1
163.9890729,62.34172373,1
165.3420832,70.78865448,1
157.0114289,53.67167376,1
164.2257199,61.7085701,1
168.2253616,69.08779147,1
161.8359223,58.00392666,1
157.0219436,55.14788952,1
161.4243469,64.38877252,1
162.1868442,62.20954947,1
161.4331384,61.12179147,1
168.0360419,68.74962232,1
158.4693367,50.260547,1
174.9406421,75.11129686,1
165.7308522,62.21663151,1
151.6839769,49.81195607,1
154.9872708,54.80602468,1
150.1374887,47.57139888,1
156.6341886,52.47056657,1
158.4059561,58.25011478,1
167.7282579,59.99260666,1
163.2225374,59.59997351,1
156.3404713,56.47866117,1
156.5331115,60.9334099,1
165.7487605,62.33059121,1
164.3090518,54.47136074,1
163.0816767,65.14638161,1
156.3088571,56.92453438,1
159.4480362,62.37343399,1
152.7169332,50.61037146,1
169.6491632,64.7619694,1
162.8378925,59.77397573,1
152.7374363,58.84681765,1
163.9498023,64.95013811,1
164.4786289,66.27689188,1
161.4909158,65.34223791,1
157.35731,57.74830207,1
157.8700479,60.79398902,1
164.8556497,69.20582782,1
159.8761278,62.0392093,1
148.615808,51.61359425,1
166.8447839,65.54370424,1
158.3350233,60.83220016,1
152.1549885,54.24091865,1
164.2974436,65.50090014,1
164.7291006,71.86965795,1
154.0954668,56.07527669,1
162.0212597,58.15236266,1
172.9181898,82.87145661,1
159.3039144,52.64222812,1
154.7515083,52.06528518,1
160.9219596,55.39086229,1
170.6991043,70.83847284,1
148.1423192,53.09437512,1
172.7565531,77.92632373,1
152.4352139,60.47630105,1
162.8475182,66.62868799,1
176.3912822,74.55686449,1
166.930157,63.51415436,1
168.6016169,69.60236382,1
164.4964098,61.58882585,1
159.5905353,64.66620527,1
144.6515144,48.61229644,1
156.8530253,51.2587343,1
172.0669697,69.24086305,1
165.7539106,70.3813998,1
160.1266343,54.40259677,1
161.1082595,60.03638126,1
152.2529841,56.01792788,1
171.2632684,71.06200638,1
161.420564,58.58686117,1
161.5317235,65.9874481,1
162.4365981,59.92237067,1
159.1116083,66.55898423,1
148.8947508,51.73244279,1
157.6042711,52.84984923,1
165.3148264,67.67324685,1
163.9695332,61.02929029,1
157.9397325,60.72873825,1
153.4178148,53.84763418,1
143.9624768,44.12087873,1
158.6191129,60.02703968,1
165.5152921,68.93620908,1
157.2794631,52.55989026,1
138.7268189,32.38363328,1
141.5789315,49.04325995,1
158.1827741,59.00822062,1
158.9298103,57.23490489,1
158.5166202,64.75679805,1
152.8504727,44.78995916,1
156.6359289,61.11365571,1
171.0341377,74.8104945,1
174.7015128,80.0366793,1
153.7763452,46.51395037,1
162.0673531,65.96572601,1
166.9743546,65.35803358,1
152.9558479,49.52795052,1
159.7503069,53.6225761,1
169.3735555,66.74734005,1
159.3353661,50.00493954,1
166.2407302,63.77894797,1
156.7339821,56.61383402,1
171.5283851,71.53839813,1
156.4954493,53.11705421,1
162.4074123,67.97404844,1
168.3869097,69.46248588,1
173.2925346,73.90137313,1
169.2740403,73.55452157,1
163.3792993,67.42711858,1
170.9325208,73.72148149,1
157.1386601,48.41280379,1
156.5653237,53.45519403,1
157.6664101,46.78397652,1
163.493681,57.38806029,1
175.6058068,75.15195444,1
161.0935228,62.78981324,1
167.3376686,68.52202267,1
160.889061,63.0246185,1
168.1693866,67.06627736,1
174.7178779,76.63206915,1
164.3490706,69.20907141,1
164.4444348,69.38985453,1
166.6439909,69.95707372,1
168.2371401,65.86934998,1
165.3746249,71.47904087,1
167.0548911,69.25585809,1
169.3514106,67.32626499,1
157.2866427,59.31497815,1
167.7994227,72.70728251,1
170.5909863,72.66590615,1
144.7168384,40.44673059,1
162.7664252,71.48117369,1
160.5453493,63.71059856,1
147.2730415,41.78418127,1
159.095481,58.77336909,1
170.8848431,66.44755311,1
175.4702091,74.22217815,1
158.444314,59.32139356,1
164.746073,72.37887054,1
158.0733397,55.68278581,1
179.431024,83.13764307,1
166.0903875,63.82950837,1
160.8062298,60.97078206,1
168.3136655,72.00451632,1
168.3586621,60.21696362,1
160.6365493,54.08155013,1
163.6162697,53.22293776,1
177.8376854,85.55556298,1
177.1270701,72.40673066,1
157.2020206,50.31228299,1
163.0956,71.76106937,1
158.7689626,57.20472505,1
163.208435,56.65372307,1
159.5248621,56.59260454,1
158.1219018,55.60133693,1
160.174267,60.75571683,1
157.371386,59.40768879,1
150.3085882,52.36665916,1
168.6124897,68.10334575,1
165.2882631,67.68968531,1
154.2188492,59.2607584,1
159.1163111,56.15146796,1
154.8269361,48.02658432,1
174.8796594,80.87339541,1
161.5280212,65.50738784,1
163.1107248,66.04456717,1
163.7052979,69.40945334,1
144.2450415,43.24005795,1
170.2007939,68.82588885,1
175.2388941,83.29699091,1
151.7927682,45.52343977,1
163.5978436,59.65842358,1
156.4133121,62.16617005,1
160.4028935,63.81149282,1
147.4150417,45.58455841,1
169.1237156,64.99809517,1
170.1365546,63.51041921,1
167.7426111,62.53880358,1
164.0919645,67.42137346,1
167.4762327,61.65527516,1
166.7640248,65.10547835,1
153.0766757,51.28745191,1
159.8571671,59.34962672,1
167.9421166,76.01002465,1
163.3377958,60.26607842,1
163.0001972,67.7333362,1
162.6501601,62.91380725,1
159.1217348,55.49064194,1
161.4560508,61.14452596,1
155.7207141,54.26413111,1
164.1877766,54.12682954,1
162.2997155,57.4313301,1
150.7225028,47.76262761,1
167.9545464,65.03212386,1
164.2497157,66.21512311,1
153.2002152,50.7909071,1
169.8116405,74.49939818,1
159.6628094,60.80475179,1
152.8442443,50.24714766,1
160.7362491,58.28196999,1
160.3676522,53.2086122,1
170.720929,74.8784616,1
152.8106398,59.33927281,1
175.1759205,69.14145403,1
157.2135009,69.61086997,1
172.0568579,78.18238734,1
157.6428602,56.76415439,1
157.9699332,55.15188764,1
164.4287599,60.14368898,1
162.4560086,72.44285118,1
162.3688091,63.34569282,1
160.0567263,65.51689135,1
160.9069324,65.35022733,1
156.8116999,48.279682,1
165.910122,70.07130629,1
157.0626038,53.68776445,1
168.0258079,65.8509729,1
168.7110492,64.46577449,1
161.3581625,59.78629833,1
165.6081851,67.167041,1
165.6192928,59.07046744,1
171.3542065,70.89974567,1
159.9696596,58.93203912,1
157.8847548,55.24248523,1
166.0982676,64.82925869,1
174.8121779,79.39302765,1
173.1945069,72.13636415,1
152.5077459,44.01414338,1
156.0441037,54.24920247,1
171.2641067,75.72134235,1
161.4906151,53.39197043,1
167.1076037,54.28165931,1
159.1016798,61.97406341,1
162.1105787,62.06315563,1
164.8575204,61.15280594,1
158.5599553,53.4920638,1
151.7576249,46.42734462,1
162.2863445,67.57210568,1
165.5494457,65.92501876,1
167.0841087,61.9885301,1
155.6379246,50.02545625,1
145.2947565,47.15665132,1
165.1285815,65.04413584,1
158.7270322,62.18125913,1
151.7286406,58.51537179,1
168.864014,67.38095343,1
154.835012,55.86339915,1
158.7329815,53.8170067,1
165.7119898,70.48821782,1
161.983892,58.18623787,1
149.5349537,41.85211948,1
151.947146,63.28883757,1
163.759942,66.60634024,1
159.0451825,58.04401336,1
163.2247782,55.51214573,1
166.4370906,58.47859732,1
158.3971746,67.45546259,1
165.165053,62.0754762,1
160.8513512,65.44125207,1
175.1017496,71.45781326,1
161.1988374,60.80207173,1
165.3137852,62.21836179,1
153.8875198,52.81175043,1
160.5390294,60.63702617,1
156.5294892,53.86991282,1
148.3019029,46.29537186,1
169.2923709,71.7679165,1
148.6491579,58.41255225,1
160.6584048,65.2370051,1
176.3926675,77.02895198,1
158.6162271,55.61346659,1
160.1932354,42.37648755,1
160.7502848,54.99821416,1
167.8886074,70.10728689,1
163.9055776,56.68540266,1
162.7143994,59.56011812,1
162.2359598,59.06298798,1
176.8119762,77.12227133,1
171.1706509,76.94127225,1
159.6401411,57.84154623,1
159.864344,56.37794389,1
168.0486466,70.71811883,1
161.0390611,65.9144396,1
166.2963137,70.5700429,1
152.3941443,52.53176664,1
158.9432442,50.52083829,1
154.4766791,60.72666225,1
162.7777766,57.60374653,1
158.1056121,55.35372601,1
163.7991192,67.23405545,1
153.4122302,57.59850769,1
156.1595722,49.00752097,1
163.8215043,63.41858458,1
152.2022915,56.94719972,1
142.4092563,40.6287819,1
171.2620806,71.35180135,1
159.1056483,52.08270476,1
151.7977614,47.69634054,1
167.6347716,64.36052224,1
151.916217,49.73973604,1
171.9364366,74.34511236,1
154.9710735,49.42694943,1
156.9456144,56.10111474,1
161.1002175,60.163998,1
155.7847565,63.40862639,1
162.5582722,66.08360678,1
176.0559886,70.07295225,1
156.4489283,55.43871056,1
164.8098005,59.24630377,1
168.3114894,64.09230225,1
162.7595413,60.0403819,1
157.2933479,59.75438966,1
161.9327949,58.90934719,1
162.5480571,59.22898303,1
153.1718236,54.7133385,1
167.7790682,71.52036012,1
173.8390396,69.66457832,1
164.3063405,53.98863011,1
161.5755613,56.12898843,1
147.2399859,53.85070992,1
160.0036164,61.99419156,1
159.1488818,59.75230127,1
167.101733,72.95166859,1
153.0236462,61.46714321,1
163.871527,56.51415948,1
163.6692491,68.91140664,1
157.0371386,55.01055275,1
159.8606638,57.93516944,1
155.0301443,50.49701954,1
161.064371,58.60233969,1
145.9795211,43.68705873,1
159.8432776,61.95919875,1
168.1549998,68.65468218,1
151.3869325,52.26649581,1
162.2129497,53.04682693,1
159.9721211,70.04752197,1
160.0638339,59.87785469,1
168.6981688,64.83649442,1
165.0648388,67.20953271,1
150.5364102,45.6533651,1
174.5235904,74.89278334,1
163.6627235,62.59664114,1
160.2110019,57.92462688,1
170.3600808,72.7623778,1
159.3782869,63.45110599,1
168.5729871,70.95136714,1
152.7293371,55.75738439,1
159.3736289,60.20698142,1
171.3095865,73.67983465,1
164.4802921,64.46716646,1
157.964306,54.32542107,1
160.8796874,57.32570973,1
168.3494148,65.72287883,1
152.1331071,58.59221991,1
160.5710906,64.60350569,1
175.5132504,80.29401742,1
168.0558693,62.61024505,1
155.6676187,54.22058929,1
153.096554,48.46808506,1
160.5735512,63.38766119,1
161.3319094,54.79847177,1
157.0130159,52.72888701,1
169.0519521,71.96754655,1
163.792125,60.47405632,1
154.6149911,54.58060235,1
161.564373,61.98005359,1
155.7176925,55.28795722,1
160.1698833,52.82584267,1
142.4895443,47.60634031,1
160.5078715,57.30313865,1
160.1081015,63.17687559,1
169.9807218,66.16651195,1
164.5975595,72.51899259,1
163.8469981,61.05970202,1
176.0299018,81.09277437,1
155.8876616,50.48836638,1
167.0708581,72.96560316,1
173.8856333,79.90143171,1
152.650422,55.67609808,1
158.8713101,56.22960598,1
166.6251417,68.70206267,1
171.8366361,79.30358081,1
163.5131343,58.65186573,1
154.7197081,56.16721031,1
157.4558192,50.31513485,1
150.1986182,58.75726839,1
159.6810848,50.56188191,1
165.3663072,64.54283266,1
156.6230754,51.05884492,1
148.92711,46.47915801,1
176.8752651,80.55310906,1
171.5831064,72.90425973,1
157.9380112,61.51198987,1
158.2712943,61.79593739,1
154.5818346,51.8065723,1
168.0638657,66.53240037,1
147.640101,44.6347461,1
166.7435202,65.28548809,1
168.8476711,67.678272,1
161.606787,65.33823309,1
158.5335116,62.16643181,1
166.2686576,72.14070593,1
161.0942503,56.55795403,1
155.8748353,56.66081824,1
162.8675045,66.58780434,1
150.7425693,45.40097372,1
166.2395173,67.95590204,1
146.7875886,46.86152219,1
149.9259216,52.98476723,1
168.0949429,64.69518901,1
162.5970482,62.00756293,1
164.06296,70.27589215,1
165.3460668,64.57776369,1
154.2581183,51.36044706,1
158.5381303,58.85529614,1
150.9964631,50.85599098,1
148.5657862,42.27134463,1
160.3096979,65.89276383,1
158.4860794,55.11722479,1
163.1145209,76.45132485,1
159.9798189,63.01484157,1
159.1035808,56.24154198,1
151.7276078,56.62763164,1
159.2701671,61.50283161,1
147.6616206,40.53172387,1
166.9652463,61.52642176,1
154.5510313,44.32709762,1
160.4439292,62.6092149,1
161.3019249,56.02057505,1
160.3015155,61.59999748,1
175.7247172,79.8289539,1
165.3891676,69.7988243,1
159.1950289,49.50848087,1
162.5103983,62.15726944,1
161.6721209,56.9676007,1
165.9745482,63.76918553,1
162.7371297,58.31808404,1
173.6806395,71.4517933,1
155.2361857,45.85701707,1
163.9996679,62.33789466,1
176.1538001,82.85282848,1
161.0203818,60.93180552,1
144.1817194,35.91286348,1
162.134582,60.1043238,1
149.479748,54.1824791,1
168.2688826,74.19723156,1
160.2079662,60.98349483,1
161.9569642,60.15132228,1
158.7870275,58.59243919,1
157.0421001,56.16505159,1
161.2678243,55.87646933,1
154.9869239,54.63166406,1
161.2636955,60.39234987,1
156.2816584,53.36724808,1
159.1384871,55.68131438,1
163.0504277,62.52320921,1
167.1308844,71.34718324,1
162.019108,54.81138969,1
155.4130979,49.70567985,1
150.7587308,48.12986471,1
